1,July 2023,42268860,
2,June 2020,39036716,
3,May 2020,36967884,
4,July 2020,35212049,
5,August 2019,35079120,
6,August 2020,34949158,
7,March 2020,34797643,
8,December 2020,34174505,
9,July 2021,34127656,
10,June 2023,33741163,
11,June 2022,32749495,
12,November 2020,32651862,
13,April 2020,32147891,
14,April 2021,31318894,
15,February 2021,31161068,
16,August 2023,31130468,
17,October 2020,30887258,
18,September 2020,30755691,
19,February 2020,30676606,
20,January 2021,30496473,
21,January 2022,30232285,
22,April 2022,30228988,
23,May 2023,29910450,
24,April 2023,29061605,
25,March 2021,28251132,
26,May 2021,28138155,
27,September 2022,27104403,
28,March 2023,26987497,
29,May 2022,26695311,
30,September 2019,26573867,
31,July 2018,26458369,
32,December 2021,26264643,
33,August 2021,25480255,
34,March 2022,24392404,
35,October 2022,23657685,
36,August 2022,23464383,
37,November 2021,23330710,
38,January 2020,23084004,
39,February 2022,22946099,
40,January 2023,22927182,
41,June 2018,22722695,
42,May 2018,22610147,
43,June 2019,22385518,
44,July 2022,22314115,
45,September 2023,21932302,
46,July 2019,21800104,
47,August 2018,21713226,
48,September 2021,21027676,
49,April 2018,20836930,
50,December 2019,20799868,
51,May 2019,19786059,
52,November 2018,19238167,
53,November 2022,18996809,
54,October 2021,18874007,
55,June 2021,18723763,
56,October 2019,17623418,
57,April 2019,17300697,
58,February 2023,17260069,
59,December 2022,17211994,
60,January 2019,16978782,
61,March 2018,16944705,
62,February 2019,16895659,
63,March 2019,16706135,
64,December 2017,16235790,
65,December 2018,16157703,
66,October 2018,15914369,
67,November 2019,15904672,
68,January 2018,14979395,
69,September 2018,14814186,
70,February 2018,14081440,
71,October 2017,13126660,
72,November 2017,13068980,
73,September 2017,8983585,
